63
28
148
38
49
10
24
179
42
181
61
25
112
147
128
170
100
10
32
10
19
24
2
117
130
2
14
49
46
14
0
174
73
1
27
139
102
98
3
127
81
4
47
30
89
36
64
8
53
104
28
10
111
40
1
8
9
20
69
24
22
170
7
20
118
8
143
174
39
190
42
154
48
122
71
169
28
91
31
52
2
102
0
191
157
41
73
119
9
11
11
100
95
200
5
7
4
92
29
40
79
152
83
120
14
13
2
31
2
109
88
14
102
42
8
12
1
101
1
142
1
58
40
7
15
130
41
40
19
59
68
209
6
75
41
7
80
3
163
14
38
294
52
6
42
6
136
60
31
41
33
2
1
61
16
4
15
72
78
47
34
0
7
22
0
18
29
3
37
40
1
5
2
13
57
4
64
30
21
8
79
156
31
2
41
28
130
28
118
26
1
3
8
0
116
52
58
49
27
9
20
27
96
4
23
2
219
5
16
73
74
37
32
4
2
63
92
207
104
9
2
118
25
35
12
109
14
60
1
8
77
42
83
27
24
153
77
62
20
29
16
6
83
1
37
48
49
2
91
104
118
42
22
0
11
16
2
0
22
84
1
46
10
1
14
164
4
60
43
14
43
197
15
171
21
1
73
150
58
121
35
1
43
5
1
72
22
37
55
26
29
5
13
34
5
84
165
129
140
2
158
265
78
10
14
85
70
7
5
121
1
7
105
2
17
13
98
3
3
17
51
8
103
146
5
22
56
86
17
28
5
12
3
85
3
32
130
66
18
172
19
118
15
135
67
103
52
4
36
49
39
0
57
10
6
47
114
11
128
98
1
4
6
65
185
9
13
77
150
71
7
87
36
46
29
59
20
79
81
13
23
39
159
18
7
28
24
26
137
197
103
6
109
0
4
6
170
3
1
100
48
51
12
96
10
69
1
26
100
93
91
16
31
17
6
48
231
0
13
5
36
190
14
23
50
1
176
8
195
118
18
178
4
118
84
41
49
6
258
71
65
56
12
8
67
96
26
28
4
89
10
158
222
16
172
16
216
95
139
68
145
4
29
201
48
69
3
6
8
38
86
98
30
18
173
38
191
14
1
14
17
93
27
165
31
0
80
196
13
70
64
128
67
12
115
54
2
142
42
7
27
38
125
182
1
70
10
49
17
101
136
109
6
71
18
5
56
5
26
93
132
1
0
6
30
15
51
68
10
42
115
127
24
129
109
83
126
39
3
83
13
18
71
38
78
206
1
202
5
106
80
5
19
8
83
56
37
137
45
3
2
24
166
38
5
30
8
1
198
167
128
59
2
17
100
26
11
51
66
64
3
10
78
8
20
120
134
16
162
160
0
83
192
46
15
58
100
25
42
150
87
21
5
43
27
61
2
148
6
4
40
1
27
28
3
81
131
176
67
4
71
92
78
0
93
30
34
3
71
12
121
29
12
135
105
11
17
22
27
10
37
89
0
35
34
47
19
5
34
48
173
6
6
14
33
130
31
189
41
65
6
13
1
41
6
3
43
2
174
115
1
142
232
32
60
6
111
24
57
185
26
5
99
29
93
68
66
90
15
116
34
272
34
24
33
173
10
265
8
28
142
6
17
22
71
102
16
41
32
160
178
25
55
3
13
12
2
9
35
8
52
120
58
18
176
11
4
0
21
22
73
10
184
46
69
43
64
16
85
28
6
45
71
118
64
7
7
45
80
5
156
31
77
223
64
49
16
60
72
55
68
0
12
7
37
11
12
75
10
85
21
80
132
43
31
13
63
158
125
5
116
22
33
166
71
12
90
146
49
38
15
268
14
60
6
9
2
26
24
71
135
231
6
59
0
54
84
12
129
124
25
8
73
222
180
1
27
2
29
7
82
191
11
144
9
81
138
62
59
2
53
17
38
142
79
115
55
28
125
211
155
114
84
19
4
63
21
105
73
6
1
34
100
228
203
0
2
2
82
59
105
15
114
6
17
1
81
26
69
4
168
2
22
12
4
85
1
2
3
65
5
166
35
37
1
85
21
54
99
13
27
25
24
35
54
15
2
36
107
52
15
229
64
2
93
105
86
99
69
1
5
104
9
25
69
8
3
29
217
33
8
95
56
67
1
74
47
7
5
12
5
73
35
241
158
4
28
37
10
18
140
2
4
0
141
21
11
4
26
9
67
2
100
63
6
18
38
7
0
121
7
14
26
50
183
114
53
110
11
148
80
7
196
57
1
41
88
161
30
20
59
3
178
181
39
34
182
17
13
21
48
2
40
47
101
51
16
45
29
17
