55825 89979
80558 96721
1224 33386
54814 74331
16425 31627
90630 96928
62280 74651
15849 92884
64020 87436
10643 80846
2197 11635
63851 76991
20828 65607
10473 62088
18512 69798
17616 91429
36939 85800
79401 85175
60362 76761
86596 93016
86990 98150
84573 98785
86214 87252
14484 56317
8988 50543
96892 98004
88117 96502
63540 91196
22018 37932
23278 27631
9136 9136
8817 71516
59091 99863
51396 51712
59164 72963
7221 50008
37667 87983
14071 46835
38970 40025
4160 36619
15801 42839
97097 99431
65011 90720
27665 38722
26150 62602
49547 66817
14237 33609
69232 73893
42898 67670
126 13413
65715 80733
68123 73478
1142 20786
33645 49962
99065 99674
87969 92861
72917 78347
42553 51329
38056 69702
83743 98486
86671 99997
20423 97762
82172 85865
34410 42130
4436 34169
90127 95402
13048 66366
7890 68801
48703 67096
14849 96806
27329 43070
5658 52579
61607 88190
22950 74763
47507 83429
19932 96547
78531 94929
42145 87623
45300 59348
48003 73455
86579 88099
36498 85927
80209 80513
8047 78574
4884 51366
72878 96241
53126 92141
34542 92855
83712 89327
88582 95319
92135 99210
41299 92322
34803 79432
11471 94840
29188 30853
84827 89311
57971 59648
8159 33131
38952 51471
37957 55222
50690 92929
10683 65417
53458 98757
34268 93211
87260 95558
92068 99946
54651 55278
61488 77801
62035 63370
14863 53133
48674 95337
89313 97845
38674 89211
51719 72496
92413 96764
85568 92921
98521 99098
21648 61852
71241 71480
1273 31432
10659 10932
39873 66413
68253 91159
63940 67128
83143 92075
28268 88898
70648 94064
30345 46002
63649 73950
60387 92718
27360 54721
5998 82315
65788 69146
55046 95703
59192 80700
64547 68279
53572 97172
80525 82129
23206 99803
71975 79672
72303 93641
463 99495
65732 95083
95232 99051
51300 71872
94660 98251
4779 42278
8556 23203
6361 12149
28801 44335
74971 94080
88559 89843
94308 94944
51629 83461
15344 19431
92806 95003
59777 67397
37127 70006
45631 85139
57335 81945
51339 68016
98458 98540
70777 74713
20313 26935
57328 57540
87792 98792
14862 22601
95972 97353
70704 91411
66778 89118
96290 96960
96637 99429
98161 99467
80667 88232
60667 92386
94255 97171
54560 88779
65834 82049
71742 82987
92212 97171
48192 89048
6146 54907
30775 42476
97281 98249
74638 98696
77170 93575
24775 82419
19274 27775
38472 98650
28924 38531
97940 98583
97096 98941
67584 71340
94720 94827
31401 86039
65846 94941
40287 66667
36826 57618
83066 99743
71723 76419
87307 99810
83967 99937
32900 76868
88945 91216
59970 71592
97268 98010
5944 87819
72119 74565
85170 94433
16751 40954
52417 91442
56072 74627
42934 57477
91165 93313
83895 84865
33488 60254
24590 61831
11001 96751
44691 99740
87258 92618
84388 85776
15103 57972
54315 66944
77887 99097
89874 96740
27057 74576
90858 99472
51393 81992
67175 68016
35696 38770
17197 43504
14063 25710
13750 40209
74231 89723
60839 73108
22054 91125
53795 95453
52050 84570
50814 60275
73307 89630
90063 99887
94871 98969
406 10638
40690 41153
24061 37208
12684 25600
63254 90385
74355 75390
16467 48096
16428 53915
30303 85472
32739 49700
38811 48390
65158 65250
84492 90787
79188 88643
85573 86816
86843 86956
83564 97073
46879 90381
78735 79169
51710 74743
60990 65650
98272 99114
90735 99716
18341 89712
73148 75488
42612 70801
27299 43459
25475 30020
35524 53533
2558 61389
73156 81454
13383 81984
86330 99150
97853 98072
14484 37610
23573 92211
61147 93032
291 19205
11271 19881
83157 83560
60206 83450
26455 27998
98966 99687
3809 17740
44568 54440
75521 97085
53697 82195
33269 43291
14990 22819
82740 85603
90350 98103
50080 66259
93029 96225
50839 95546
21040 96246
29277 90512
5596 46061
94350 96032
13520 75520
269 79480
50687 92080
67178 72774
53158 59796
35106 74449
49204 84907
36441 39097
26738 28405
28680 84543
75994 76235
69766 73910
801 17723
63139 64281
46892 54646
88204 95482
34347 80384
74603 76302
94705 96344
69853 79183
40931 64155
56302 60457
39293 90790
15038 71851
94411 97406
77363 90084
36117 60900
999 13896
83572 93752
72154 88150
64675 67327
71008 77756
92847 94484
42443 84929
47365 48610
69160 86856
33468 97704
39192 69461
56956 65851
10636 76137
74324 84866
34454 92096
78293 86845
13305 62672
35571 65108
28228 73514
11374 25070
35068 36862
78391 99611
36870 58185
51645 70927
96759 96774
63039 95325
78020 83684
95438 99153
29403 47888
6635 38070
33956 38237
15860 64049
47305 99430
98207 98646
95917 98043
58713 61955
19042 41145
8324 76383
50506 54517
61455 67751
40564 77308
26038 97295
60487 99917
92491 97046
50308 96899
68298 88257
45527 67568
70220 86060
51092 81608
78288 89981
38376 75335
2108 15934
51389 57372
81609 94893
72803 95444
22939 96511
64503 73727
78749 82469
61198 75971
83983 98569
60602 74230
7605 50551
11012 90745
39422 90766
92298 95578
42092 98669
99367 99612
93917 96180
78405 81922
8239 67895
34830 35950
86638 87582
43094 94522
65924 92743
68374 97417
82450 89605
15131 48142
81721 87276
47443 82260
81664 82051
71862 86723
33147 79708
44250 91898
37152 80180
74410 83016
60195 76458
61658 70398
63113 66503
70292 98371
4169 87248
81847 81848
84182 92204
73946 76292
71311 92362
9860 83791
86372 94709
65013 77220
31108 51264
98667 99646
17456 95269
94357 99726
9918 86926
34887 92605
86817 97720
14664 89608
80629 82885
22704 71924
717 12315
69087 92318
13895 27787
31040 33221
3446 99895
27075 55570
7476 22879
51495 79976
43112 48376
91497 96199
50775 85771
43504 92422
73131 88037
31075 41629
78985 81370
51251 99331
72713 78258
16841 82879
1908 70602
89570 99478
20523 99383
82475 92169
9142 96817
44977 94519
18146 75017
700 8884
9724 59310
93671 96143
73415 89891
3247 66094
69872 97712
42223 75275
97917 99405
60641 63667
92357 96786
34074 49292
50015 95741
36871 84567
76594 94080
58488 67116
10575 75670
65577 86743
2177 56493
46407 52484
79753 80402
89044 97941
40461 47676
39357 85215
81907 98332
7765 64255
70336 88199
98534 98549
12556 37216
2353 59583
82938 90064
32258 62038
59524 94702
2656 32230
53404 88864
24656 28733
9487 45327
56916 85351
57064 57805
14962 70037
15050 27058
44969 48318
22201 30737
67392 88535
10957 52518
14919 92776
95654 96530
59710 98662
92480 98885
12168 25458
7159 10261
40907 91903
28892 93532
28423 76768
94730 98125
8529 26788
88048 98660
91987 95239
31680 54347
76992 79525
37261 48106
26706 65762
19014 72817
49333 49816
98961 99049
47864 50594
46197 59847
2219 3851
66444 94956
55593 92287
62267 67462
63390 85949
13971 54325
12268 56621
68883 81918
19512 72243
36006 89288
34669 72435
10911 52915
57908 78317
41563 42477
12705 38281
86999 94591
44031 51788
23039 49717
67537 88259
25782 56860
1779 61735
98274 98736
5931 78134
94449 97916
28169 74847
53599 96974
96373 99316
16906 22433
79343 83701
52169 97244
26998 48715
20085 31893
30110 96197
19127 33566
88899 91033
86562 87986
84228 98984
20321 94895
72591 94762
37399 39495
76747 94558
84398 88879
96508 97159
13492 98871
8605 67239
21671 75858
63982 97263
94646 96037
50798 58633
23183 63840
83900 99666
90849 97554
69729 99711
56060 91807
58557 93414
88723 90154
17447 20396
5001 22198
66034 70140
19955 26122
31495 88663
29394 93367
85539 95091
19322 90966
17097 84430
99582 99587
29408 64532
7228 77278
70122 96359
73382 81555
64263 97226
20143 58390
77987 92624
74240 98864
21774 88667
50482 97285
78732 90807
89615 92786
33552 51516
64995 79231
47837 78170
72843 73679
9268 59791
86941 90030
47422 49010
50310 70206
97620 98272
77325 93533
81027 97623
58787 60360
37286 75442
10931 55280
13208 84293
29902 57512
95753 98098
46554 82138
49215 98340
42045 80554
99645 99714
6236 29526
5540 11017
54800 71833
35201 36130
43221 77759
91328 98717
10158 49141
74523 90956
91709 99109
29565 94193
516 16264
87901 94523
48310 55934
84799 98509
72026 87467
32543 36240
77038 99003
17284 48618
87201 87428
15806 25772
53608 70306
36622 56698
59214 69120
91644 94431
60881 78688
59901 85421
13002 82778
73905 76900
76897 80104
67104 74783
78950 98353
23838 80826
71523 89240
5666 69715
1567 6477
37473 66647
89151 93002
82034 89616
66300 67041
59766 81358
95739 99838
83924 85310
19125 32900
50516 51268
13933 85814
35467 91899
97498 98060
13353 66196
5849 95181
80639 99793
62629 96691
60467 63047
23442 70081
48772 59809
36774 61941
13910 91620
72379 87346
92843 96014
45863 98541
69178 85337
47835 97272
10656 29491
21045 44752
43480 89291
78416 87453
36639 94775
69236 88397
456 86070
76989 97032
44460 54941
76976 96477
17612 93420
80258 86173
1468 92376
67782 71907
78143 94712
23876 87873
69610 72712
88509 99167
82904 95758
13653 35181
26488 69840
27606 33240
67732 90704
73633 92296
18465 87041
676 41252
31112 40546
44170 70241
24259 25239
57002 63193
85016 91908
74836 75891
56038 60508
35975 50539
79200 84043
55148 81977
37237 97537
63452 95694
68793 78539
1122 43950
72320 77999
89674 91894
99990 99992
61434 72325
48800 59023
44127 80488
71748 76989
15568 95363
51950 74754
16062 38162
10458 21294
24656 49074
89758 99784
42821 84874
79592 96509
61882 64638
46582 67820
58826 98217
33226 90018
26128 51020
92766 97117
86735 90971
65747 91098
55739 99935
93184 96200
13589 74084
44432 58118
52999 94466
852 63702
43637 74074
43272 66138
61023 69360
27610 51138
27083 55840
55554 84232
54875 91705
90702 90788
87299 94564
71026 74786
15804 26559
82486 89304
20685 24268
46653 84304
84148 90215
33054 70838
66960 78369
34219 69892
25917 85430
57543 79705
52341 67293
86391 93690
16233 36218
9076 64293
5091 38626
91713 94327
39346 99028
29899 37709
78955 98465
12425 76732
36586 68977
29687 33857
42923 88413
15485 73171
25593 43676
66725 87787
88699 97948
728 86916
80894 89223
58110 90946
93359 96846
54412 58697
52848 53586
50708 63262
82307 96704
35102 66633
28555 91968
5358 93011
94981 99059
56068 87551
69499 69685
45728 71472
19538 49879
63791 70026
31795 94446
20605 71671
41440 52355
94174 98635
9113 28272
7748 96506
8021 72596
8273 8369
74901 90041
48811 49346
66367 81950
90258 94369
43169 83737
1026 50075
62491 67912
21985 85362
88383 94100
9255 31478
27728 92920
23592 46548
65209 99006
95274 96531
66931 96798
66937 75768
53927 73319
21063 82843
55664 98830
34766 90834
50335 78382
63041 78079
8518 47515
10955 99255
4303 48453
23818 72346
24802 58534
72576 82972
47201 49103
58201 93015
66027 76949
14355 50348
14031 36708
72661 76110
91794 91851
58896 76341
16016 51226
7688 99758
6577 81142
68790 69156
91544 92840
77285 78688
17225 45701
57726 89991
25090 69170
84182 93033
24514 73372
73938 76836
59932 68546
94227 94712
16367 43264
83295 98841
31693 61151
97846 99966
16454 88102
97962 99129
45144 54853
38841 43898
86258 88392
23107 56475
93930 94800
97413 99038
88963 91074
10688 28524
50748 53217
6122 59581
74509 94322
59695 79397
97632 98318
40075 81680
24416 31404
67823 99076
10318 40364
75510 82412
10902 17383
178 1459
77057 90980
43776 60011
56788 85780
87221 96458
44739 45733
56164 74423
39429 93465
61061 89620
58080 65185
5430 91789
53928 88042
30105 30630
33453 75660
34412 84303
26816 62294
41694 92323
57857 95711
99068 99642
91553 94540
16301 53513
23101 25837
41832 52462
60013 98265
47803 51266
37210 38380
70085 85877
1900 67672
70761 89957
84088 88555
32576 75983
34178 57607
30769 58930
93094 94017
12709 34899
52372 75662
93496 97816
72025 75007
68287 74936
86792 89783
37357 71203
55561 73338
3671 91053
2903 44904
93153 95807
80771 97756
57465 76290
49121 53427
40522 48363
6162 47617
96589 97912
78749 80669
93426 93631
30353 99692
76879 89306
15763 18742
66958 68972
48358 60179
89712 95167
45576 78614
90185 91652
35694 83433
14914 34428
87406 91026
58883 67765
39463 56164
92069 96100
99877 99962
36665 97843
82355 86223
78575 87017
78293 93028
35203 56265
9815 79630
31265 84462
65520 94914
1191 21009
89718 96257
571 29425
24155 55382
76108 80073
9782 86743
41372 67906
85483 86342
60678 82473
27145 63594
12059 73410
66117 82731
71165 82137
56856 88499
48649 50011
7911 71016
16912 96866
70490 92971
78885 99187
5198 64957
77554 87127
91072 98909
78767 90951
35415 55893
80435 81477
47040 65724
32629 51618
35550 83627
36618 58581
83974 93372
14950 28011
77753 94357
84609 94362
0 0