63
165
1
71
54
20
56
49
177
20
16
135
47
13
258
201
56
9
197
49
66
48
62
24
74
58
176
22
110
109
154
30
178
60
19
10
8
24
75
7
51
150
2
26
197
76
118
172
124
31
18
32
6
111
43
16
56
153
9
34
45
15
25
74
125
48
36
23
218
180
109
45
147
12
13
148
209
242
112
43
108
103
12
71
23
148
43
82
178
72
86
26
5
12
99
16
62
87
216
115
79
125
230
64
24
76
137
126
33
34
98
33
31
43
120
175
258
80
163
98
202
165
6
148
82
243
50
115
16
166
117
144
121
51
117
132
19
31
113
26
193
151
2
213
196
57
177
114
24
74
140
271
49
5
121
81
219
35
168
31
42
78
125
107
139
22
179
14
122
115
38
72
10
65
171
111
25
44
111
83
111
84
86
151
103
