57982 91840
21097 96564
75652 76542
56421 94974
20577 38943
42895 51904
20116 38876
29855 49199
4409 59524
45475 54739
27677 33348
7370 48736
72171 99695
43006 48572
2106 92089
9928 90025
55112 84523
92028 97707
9548 86734
8614 19888
25210 50594
53961 78874
54578 87315
35070 44782
55993 96629
27644 50539
18902 98252
49282 59471
8084 39782
34376 86535
22289 92074
26728 37316
6306 66088
44667 73539
31365 38543
76469 82003
46030 49477
44333 55185
39091 74471
50871 53876
64464 92419
8082 57451
83697 84942
44738 56634
13820 98960
20303 47801
25547 77113
14067 84121
29416 87414
62125 78767
72408 82598
17078 26492
71024 74135
3451 28684
73285 98462
79467 88639
45614 72847
26591 99862
53059 57366
36267 50476
7907 17821
78106 86699
67755 81408
21481 48629
21143 73428
51708 76121
14001 23944
21331 28818
982 62351
10705 80570
35903 88965
62667 87145
725 30081
61122 67515
38720 44088
8255 56763
5288 78969
1766 81078
34854 89047
5762 14051
41548 97065
15899 52632
43531 48589
8271 25938
20892 28020
2658 39805
50695 71861
34062 71276
13136 85793
3530 17166
33387 72124
43505 55173
88728 91740
79888 86792
14075 47453
88808 99017
48336 79409
14113 42366
1131 62304
11422 49045
4143 20713
29103 87156
6648 97109
58901 93714
61943 74387
39449 75602
24387 86158
36347 99888
25516 37123
53042 70164
20693 58312
63699 81242
34944 47292
36268 54319
32377 89855
17161 93450
2948 97510
46427 87463
12068 74358
30734 74622
1318 56664
22274 98777
56538 59400
17461 78899
33907 70934
5155 99113
11064 24196
2621 27803
31216 37201
13021 78801
27876 80310
20235 82155
21645 72115
40617 63663
20372 67578
28294 90537
42031 50445
41953 55622
38039 95022
27603 36982
15063 99293
25884 96950
77411 78493
8959 94749
2656 61128
38033 63680
17548 95914
18379 62020
54737 66493
53514 93166
16982 73278
1817 98126
33923 54324
72599 75314
8739 45854
43583 83635
5737 86465
55955 73565
18051 91755
66544 83447
22855 37252
23188 53259
28812 86586
23221 67322
19428 77673
70231 82635
10478 79473
5764 8061
12631 54831
28883 80678
4103 10420
35822 68395
39322 43455
33911 62165
11127 76501
25965 74527
22215 30358
54331 76847
7247 38611
43423 84819
38508 94683
9221 32753
9112 32789
11032 65938
6920 34612
0 0