39
147
80
57
68
19
77
183
121
22
50
45
47
93
163
261
40
227
75
101
24
71
39
151
68
169
53
70
55
77
93
21
18
117
113
150
116
29
13
13
108
108
83
192
259
216
144
39
180
136
9
187
63
8
78
7
77
88
7
213
122
56
51
40
231
16
111
20
127
108
54
97
226
31
123
118
45
133
52
65
2
118
99
185
65
169
42
13
85
103
8
6
156
134
60
125
49
57
138
117
97
24
75
9
36
2
116
119
254
59
33
124
118
89
16
2
94
58
46
163
9
190
61
84
95
138
16
107
112
63
47
36
88
246
66
103
82
74
43
75
139
9
48
28
203
13
12
51
66
38
66
32
6
29
155
60
142
1
74
97
56
233
44
48
116
8
8
85
100
153
54
150
144
35
60
1
17
94
146
28
191
199
116
26
