32791 48740
3957 43933
6768 26377
32835 56743
27763 54992
57460 66621
10959 32910
2794 55242
24398 76810
22435 29423
58770 85331
54117 76971
58773 83815
46753 95614
5149 54836
2240 95427
72758 95623
2432 76452
24149 53149
10522 41401
46402 57490
50008 86925
57188 77521
17214 79843
32905 62426
19458 95046
9179 21986
18520 42587
13543 29365
7806 27507
45369 93439
36874 45554
57585 66275
32665 88505
20654 65834
9331 60720
37858 96250
3690 8068
44120 49802
61084 67712
33480 84207
41341 96938
50789 95179
13655 95204
2281 93659
2432 70480
24285 89442
40725 57685
13828 88790
23477 84020
51444 55336
12685 89642
49589 81345
25442 27986
46999 86643
30947 33476
40377 77019
2956 20402
87506 91552
3188 72466
25116 78927
62385 93476
52427 78066
58675 79797
2877 81097
88199 97926
36780 91382
58526 68221
23348 78121
30004 79119
58110 87286
45571 96353
6392 93428
44614 58711
35978 97449
34309 92375
10727 21957
20584 76233
39106 62354
60030 96305
80184 81490
28950 83495
6344 31777
15282 95409
12881 31821
11295 75771
19829 33234
85137 92494
53221 99776
11455 44418
59807 63512
37110 39362
25109 98599
22806 81760
57592 89639
6954 43357
48127 71978
5907 17896
28749 94416
27060 79490
30008 73349
6410 10828
56168 97085
51364 55535
15163 25441
95734 96840
18389 63296
26891 79627
719 78459
51025 81123
39887 54177
34352 95498
32486 89388
23878 59298
57283 65269
30232 30940
33984 77658
38535 64926
2996 10018
8167 64035
67719 72719
10235 85091
42563 71814
15760 43976
44386 93353
29804 96520
53540 61211
42504 98435
9018 42703
37909 66490
35127 55017
14513 24367
34906 75300
3844 94585
11200 29504
6270 33227
6208 25759
52323 91271
65203 89386
37668 72529
30342 98176
93375 98888
45350 67748
66686 82107
1037 55610
77196 84128
69029 75098
48019 73163
45553 77919
67839 89282
54004 89080
71412 89676
89815 93437
59984 74570
2983 44010
53979 85366
3093 38862
64739 65132
2493 15169
34084 79330
23707 43756
4710 90946
61684 85535
12376 25286
19164 64575
91843 97166
20106 22224
24169 57951
28720 72613
26567 99541
18933 36568
24037 93621
28632 98539
70901 90783
56595 88352
14348 14493
56095 64305
37202 82360
18072 78434
61306 75800
3833 63618
6545 78337
19062 64906
65641 79682
0 0